0 2 1 1.5708 -0.4 0.793222
0.05 2 1 1.5708 -0.4 0.793222
0.1 2 1 1.5708 -0.4 0.793222
0.15 2 1 1.5708 -0.4 0.793222
0.2 2 1 1.5708 -0.4 0.793222
0.25 2 1 1.5708 -0.4 0.793222
0.3 2.00009 0.997001 1.5892 -0.384007 0.78904
0.35 2.00129 0.990033 1.62748 -0.350029 0.781526
0.4 2.00129 0.990033 1.62748 -0.350029 0.781526
0.45 2.00155 0.981037 1.67963 -0.303129 0.773991
0.5 2.00155 0.981037 1.67963 -0.303129 0.773991
0.55 2.00287 0.970071 1.74713 -0.241475 0.768556
0.6 2.00631 0.955164 1.82383 -0.168997 0.767937
0.65 2.00631 0.955164 1.82383 -0.168997 0.767937
0.7 2.01183 0.937317 1.90053 -0.0941665 0.772833
0.75 2.01183 0.937317 1.90053 -0.0941665 0.772833
0.8 2.01838 0.9185 1.97723 -0.0182975 0.782478
0.85 2.01838 0.9185 1.97723 -0.0182975 0.782478
0.9 2.02684 0.902739 2.05086 0.0541469 0.795172
0.95 2.03318 0.890918 2.12142 0.121828 0.809396
1 2.03318 0.890918 2.12142 0.121828 0.809396
1.05 2.03944 0.882097 2.19966 0.19452 0.826494
1.1 2.03944 0.882097 2.19966 0.19452 0.826494
1.15 2.04464 0.875245 2.27789 0.265141 0.844156
1.2 2.04464 0.875245 2.27789 0.265141 0.844156
1.25 2.04776 0.871334 2.36073 0.336483 0.862321
1.3 2.04982 0.869393 2.4451 0.405865 0.879366
1.35 2.04982 0.869393 2.4451 0.405865 0.879366
1.4 2.04982 0.869393 2.52333 0.466582 0.893021
1.45 2.04982 0.869393 2.52333 0.466582 0.893021
1.5 2.04676 0.871305 2.6123 0.530702 0.905207
1.55 2.04676 0.871305 2.6123 0.530702 0.905207
1.6 2.04167 0.874158 2.70128 0.589738 0.913031
1.65 2.03359 0.876924 2.79178 0.643957 0.915687
1.7 2.03359 0.876924 2.79178 0.643957 0.915687
1.75 2.02148 0.880574 2.88229 0.691245 0.912503
1.8 2.02148 0.880574 2.88229 0.691245 0.912503
1.85 2.00737 0.884165 2.96973 0.730633 0.903329
1.9 2.00737 0.884165 2.96973 0.730633 0.903329
1.95 1.99029 0.88667 3.06023 0.764658 0.886913
2 1.96927 0.887059 3.15074 0.79092 0.863054
2.05 1.96927 0.887059 3.15074 0.79092 0.863054
2.1 1.94531 0.885362 3.23818 0.808648 0.83271
2.15 1.94531 0.885362 3.23818 0.808648 0.83271
2.2 1.91841 0.881579 3.32408 0.818615 0.795801
2.25 1.91841 0.881579 3.32408 0.818615 0.795801
2.3 1.89056 0.875767 3.40385 0.821189 0.755102
2.35 1.85984 0.86587 3.48362 0.817008 0.707538
2.4 1.85984 0.86587 3.48362 0.817008 0.707538
2.45 1.8262 0.852887 3.56032 0.806085 0.655796
2.5 1.79168 0.835876 3.63241 0.789663 0.600918
2.55 1.79168 0.835876 3.63241 0.789663 0.600918
2.6 1.75528 0.814809 3.69838 0.768301 0.545239
2.65 1.75528 0.814809 3.69838 0.768301 0.545239
2.7 1.71993 0.791772 3.75513 0.744847 0.492836
2.75 1.71993 0.791772 3.75513 0.744847 0.492836
2.8 1.68176 0.762651 3.81189 0.716666 0.435067
2.85 1.64368 0.73053 3.86405 0.686445 0.377229
2.9 1.64368 0.73053 3.86405 0.686445 0.377229
2.95 1.60372 0.694354 3.90853 0.654628 0.32256
3 1.60372 0.694354 3.90853 0.654628 0.32256
3.05 1.56387 0.654178 3.94535 0.622529 0.270888
3.1 1.56387 0.654178 3.94535 0.622529 0.270888
3.15 1.52605 0.613062 3.97756 0.591203 0.220933
3.2 1.48537 0.56686 4.00671 0.557927 0.169612
3.25 1.48537 0.56686 4.00671 0.557927 0.169612
3.3 1.44573 0.519688 4.02819 0.526599 0.123305
3.35 1.44573 0.519688 4.02819 0.526599 0.123305
3.4 1.40905 0.473603 4.04506 0.49762 0.0800512
3.45 1.40905 0.473603 4.04506 0.49762 0.0800512
3.5 1.37531 0.429604 4.06193 0.469881 0.0362188
3.55 1.34546 0.389719 4.0696 0.447379 0.00272494
3.6 1.34546 0.389719 4.0696 0.447379 0.00272494
3.65 1.31561 0.349835 4.07574 0.425373 -0.0304371
3.7 1.31561 0.349835 4.07574 0.425373 -0.0304371
3.75 1.28769 0.312007 4.07881 0.405524 -0.0604001
3.8 1.28769 0.312007 4.07881 0.405524 -0.0604001
3.85 1.26172 0.276237 4.07267 0.38993 -0.0810591
3.9 1.23763 0.244524 4.07114 0.37452 -0.103938
3.95 1.23763 0.244524 4.07114 0.37452 -0.103938
4 1.21452 0.213839 4.06654 0.360705 -0.123982
4.05 1.21452 0.213839 4.06654 0.360705 -0.123982
4.1 1.1914 0.183154 4.0558 0.348931 -0.139095
4.15 1.1914 0.183154 4.0558 0.348931 -0.139095
4.2 1.16922 0.154498 4.04659 0.337485 -0.154836
4.25 1.14702 0.126841 4.03432 0.327317 -0.167636
4.3 1.14702 0.126841 4.03432 0.327317 -0.167636
4.35 1.12578 0.100212 4.02052 0.318158 -0.179023
4.4 1.12578 0.100212 4.02052 0.318158 -0.179023
4.45 1.10546 0.0766116 4.00518 0.31059 -0.186916
4.5 1.08414 0.0529819 3.9883 0.303151 -0.194216
4.55 1.08414 0.0529819 3.9883 0.303151 -0.194216
4.6 1.06381 0.0293813 3.96989 0.296369 -0.201031
4.65 1.06381 0.0293813 3.96989 0.296369 -0.201031
4.7 1.04246 0.0067512 3.95302 0.289038 -0.209109
4.75 1.04246 0.0067512 3.95302 0.289038 -0.209109
4.8 1.02205 -0.0138507 3.93308 0.283374 -0.213163
4.85 1.00261 -0.0334239 3.91467 0.277718 -0.218311
4.9 1.00261 -0.0334239 3.91467 0.277718 -0.218311
4.95 0.982174 -0.0530262 3.89319 0.272547 -0.221629
5 0.982174 -0.0530262 3.89319 0.272547 -0.221629
5.05 0.960736 -0.0726576 3.87325 0.266524 -0.227322
5.1 0.960736 -0.0726576 3.87325 0.266524 -0.227322
5.15 0.941239 -0.0902317 3.85178 0.261943 -0.230084
5.2 0.920741 -0.107835 3.83183 0.256526 -0.235187
5.25 0.920741 -0.107835 3.83183 0.256526 -0.235187
5.3 0.901186 -0.12341 3.80882 0.252619 -0.236017
5.35 0.901186 -0.12341 3.80882 0.252619 -0.236017
5.4 0.880631 -0.139014 3.78581 0.248254 -0.237901
5.45 0.880631 -0.139014 3.78581 0.248254 -0.237901
5.5 0.860046 -0.153618 3.7628 0.243983 -0.239511
5.55 0.839462 -0.168223 3.74133 0.239206 -0.243338
5.6 0.839462 -0.168223 3.74133 0.239206 -0.243338
5.65 0.819848 -0.181798 3.71832 0.235244 -0.24526
5.7 0.819848 -0.181798 3.71832 0.235244 -0.24526
5.75 0.800177 -0.193375 3.69684 0.231211 -0.246894
5.8 0.779534 -0.20598 3.6723 0.227222 -0.248381
5.85 0.779534 -0.20598 3.6723 0.227222 -0.248381
5.9 0.759862 -0.217557 3.64775 0.223643 -0.249184
5.95 0.759862 -0.217557 3.64775 0.223643 -0.249184
6 0.740161 -0.228134 3.62474 0.219782 -0.250897
6.05 0.740161 -0.228134 3.62474 0.219782 -0.250897
6.1 0.720431 -0.237711 3.6002 0.216302 -0.25095
6.15 0.700702 -0.247289 3.57719 0.21237 -0.253169
6.2 0.700702 -0.247289 3.57719 0.21237 -0.253169
6.25 0.681942 -0.255838 3.55111 0.209475 -0.251957
6.3 0.681942 -0.255838 3.55111 0.209475 -0.251957
6.35 0.662183 -0.264416 3.5281 0.205464 -0.25469
6.4 0.662183 -0.264416 3.5281 0.205464 -0.25469
6.45 0.642395 -0.271994 3.50356 0.201781 -0.255803
6.5 0.622578 -0.278573 3.47901 0.1981 -0.25655
6.55 0.622578 -0.278573 3.47901 0.1981 -0.25655
6.6 0.60476 -0.285093 3.456 0.194779 -0.258137
6.65 0.60476 -0.285093 3.456 0.194779 -0.258137
6.7 0.585913 -0.290643 3.43146 0.191359 -0.258707
6.75 0.585913 -0.290643 3.43146 0.191359 -0.258707
6.8 0.567066 -0.296193 3.40692 0.187822 -0.260224
6.85 0.548191 -0.300744 3.38237 0.184265 -0.261339
6.9 0.548191 -0.300744 3.38237 0.184265 -0.261339
6.95 0.530315 -0.305265 3.35783 0.180988 -0.262594
7 0.530315 -0.305265 3.35783 0.180988 -0.262594
7.05 0.513409 -0.308758 3.33482 0.177826 -0.263688
7.1 0.495504 -0.31228 3.31027 0.174418 -0.265392
7.15 0.495504 -0.31228 3.31027 0.174418 -0.265392
7.2 0.477569 -0.314802 3.28266 0.171425 -0.264296
7.25 0.477569 -0.314802 3.28266 0.171425 -0.264296
7.3 0.460635 -0.317296 3.25658 0.168475 -0.264379
7.35 0.460635 -0.317296 3.25658 0.168475 -0.264379
7.4 0.443671 -0.318789 3.23051 0.165444 -0.263997
7.45 0.427678 -0.319254 3.20596 0.162502 -0.263183
7.5 0.427678 -0.319254 3.20596 0.162502 -0.263183
7.55 0.410714 -0.320748 3.17988 0.159254 -0.264778
7.6 0.410714 -0.320748 3.17988 0.159254 -0.264778
7.65 0.394721 -0.321213 3.15381 0.156307 -0.264734
7.7 0.394721 -0.321213 3.15381 0.156307 -0.264734
7.75 0.378698 -0.320678 3.12619 0.153437 -0.263066
7.8 0.363676 -0.320115 3.10165 0.150467 -0.263381
7.85 0.363676 -0.320115 3.10165 0.150467 -0.263381
7.9 0.348653 -0.319551 3.07711 0.147408 -0.264661
7.95 0.348653 -0.319551 3.07711 0.147408 -0.264661
8 0.33363 -0.318987 3.04949 0.144621 -0.264665
8.05 0.33363 -0.318987 3.04949 0.144621 -0.264665
8.1 0.318578 -0.317424 3.02495 0.141342 -0.26654
8.15 0.304526 -0.315832 2.99887 0.138541 -0.266748
8.2 0.304526 -0.315832 2.99887 0.138541 -0.266748
8.25 0.290445 -0.31324 2.97126 0.135736 -0.265367
8.3 0.290445 -0.31324 2.97126 0.135736 -0.265367
8.35 0.277363 -0.310619 2.94672 0.132905 -0.265555
8.4 0.277363 -0.310619 2.94672 0.132905 -0.265555
8.45 0.264282 -0.307998 2.92064 0.130143 -0.265618
8.5 0.2512 -0.305377 2.89609 0.127155 -0.267864
8.55 0.2512 -0.305377 2.89609 0.127155 -0.267864
8.6 0.239089 -0.301728 2.86848 0.124645 -0.265476
8.65 0.239089 -0.301728 2.86848 0.124645 -0.265476
8.7 0.226978 -0.298078 2.8424 0.121901 -0.265235
8.75 0.215866 -0.2944 2.81786 0.119321 -0.265011
8.8 0.215866 -0.2944 2.81786 0.119321 -0.265011
8.85 0.203755 -0.29075 2.79178 0.116424 -0.266932
8.9 0.203755 -0.29075 2.79178 0.116424 -0.266932
8.95 0.192614 -0.286072 2.7657 0.113673 -0.266228
9 0.192614 -0.286072 2.7657 0.113673 -0.266228
9.05 0.182502 -0.282364 2.73963 0.11137 -0.265684
9.1 0.172361 -0.277657 2.71355 0.108826 -0.264657
9.15 0.172361 -0.277657 2.71355 0.108826 -0.264657
9.2 0.16222 -0.27295 2.68747 0.106206 -0.26471
9.25 0.16222 -0.27295 2.68747 0.106206 -0.26471
9.3 0.153078 -0.268213 2.66139 0.103867 -0.263161
9.35 0.153078 -0.268213 2.66139 0.103867 -0.263161
9.4 0.142937 -0.263506 2.63685 0.101016 -0.266581
9.45 0.134766 -0.257741 2.60924 0.0987748 -0.261753
9.5 0.134766 -0.257741 2.60924 0.0987748 -0.261753
9.55 0.125625 -0.253005 2.58316 0.096239 -0.263511
9.6 0.125625 -0.253005 2.58316 0.096239 -0.263511
9.65 0.117454 -0.24724 2.56015 0.0935778 -0.264056
9.7 0.117454 -0.24724 2.56015 0.0935778 -0.264056
9.75 0.110311 -0.242445 2.53407 0.0915877 -0.261639
9.8 0.10214 -0.236681 2.50799 0.0889767 -0.262241
9.85 0.10214 -0.236681 2.50799 0.0889767 -0.262241
9.9 0.0949689 -0.230887 2.48345 0.0865418 -0.261631
9.95 0.0949689 -0.230887 2.48345 0.0865418 -0.261631
10 0.0878266 -0.226092 2.4589 0.084312 -0.263497
10.05 0.0816547 -0.220269 2.43436 0.0820747 -0.261353
10.1 0.0816547 -0.220269 2.43436 0.0820747 -0.261353
10.15 0.0755119 -0.215445 2.40982 0.0800556 -0.261525
10.2 0.0755119 -0.215445 2.40982 0.0800556 -0.261525
10.25 0.0693401 -0.209622 2.38374 0.0777799 -0.260447
10.3 0.0693401 -0.209622 2.38374 0.0777799 -0.260447
10.35 0.0641678 -0.20377 2.35919 0.0756656 -0.257306
10.4 0.058025 -0.198947 2.33618 0.0734656 -0.261914
10.45 0.058025 -0.198947 2.33618 0.0734656 -0.261914
10.5 0.0538524 -0.193066 2.31164 0.0715234 -0.256312
10.55 0.0538524 -0.193066 2.31164 0.0715234 -0.256312
10.6 0.0487091 -0.188213 2.2871 0.0695761 -0.257504
10.65 0.0487091 -0.188213 2.2871 0.0695761 -0.257504
10.7 0.0435369 -0.182361 2.26102 0.0673358 -0.257775
10.75 0.0393933 -0.177479 2.23647 0.0655664 -0.256279
10.8 0.0393933 -0.177479 2.23647 0.0655664 -0.256279
10.85 0.0352206 -0.171598 2.21346 0.0633892 -0.255909
10.9 0.0352206 -0.171598 2.21346 0.0633892 -0.255909
10.95 0.0320765 -0.166687 2.19045 0.06173 -0.252019
11 0.0320765 -0.166687 2.19045 0.06173 -0.252019
11.05 0.0279329 -0.161806 2.16438 0.0599006 -0.252676
11.1 0.0247598 -0.155895 2.14137 0.0578294 -0.249906
11.15 0.0247598 -0.155895 2.14137 0.0578294 -0.249906
11.2 0.0216157 -0.150985 2.11682 0.0561023 -0.247918
11.25 0.0216157 -0.150985 2.11682 0.0561023 -0.247918
11.3 0.0194713 -0.146045 2.09228 0.0545331 -0.240418
11.35 0.0163563 -0.142134 2.06773 0.0530959 -0.241071
11.4 0.0163563 -0.142134 2.06773 0.0530959 -0.241071
11.45 0.0142118 -0.137194 2.04472 0.0514236 -0.236306
11.5 0.0142118 -0.137194 2.04472 0.0514236 -0.236306
11.55 0.0120673 -0.132254 2.02325 0.0496888 -0.233473
11.6 0.00995191 -0.128314 2.00024 0.0483226 -0.230925
11.65 0.00995191 -0.128314 2.00024 0.0483226 -0.230925
11.7 0.00780744 -0.123374 1.97723 0.0465642 -0.229001
11.75 0.00780744 -0.123374 1.97723 0.0465642 -0.229001
11.8 0.00569203 -0.119434 1.95575 0.0451323 -0.229514
11.85 0.00569203 -0.119434 1.95575 0.0451323 -0.229514
11.9 0.00454714 -0.114465 1.93428 0.0434414 -0.22244
11.95 0.00243173 -0.110525 1.90973 0.0420183 -0.222964
12 0.00243173 -0.110525 1.90973 0.0420183 -0.222964
12.05 0.0013159 -0.106556 1.88826 0.0406569 -0.21761
12.1 0.0013159 -0.106556 1.88826 0.0406569 -0.21761
12.15 0.000200068 -0.102587 1.86678 0.0392736 -0.212998
12.2 0.000200068 -0.102587 1.86678 0.0392736 -0.212998
12.25 -0.000915763 -0.0986174 1.84837 0.0378366 -0.211373
12.3 -0.00200253 -0.0956477 1.8269 0.0368084 -0.208015
12.35 -0.00200253 -0.0956477 1.8269 0.0368084 -0.208015
12.4 -0.00311836 -0.0916784 1.80542 0.0353767 -0.20609
12.45 -0.00311836 -0.0916784 1.80542 0.0353767 -0.20609
12.5 -0.00320555 -0.0886797 1.78548 0.0343844 -0.194192
12.55 -0.00320555 -0.0886797 1.78548 0.0343844 -0.194192
12.6 -0.00432138 -0.0847105 1.7686 0.0328837 -0.197307
12.65 -0.00440857 -0.0817117 1.74866 0.031857 -0.186173
12.7 -0.00440857 -0.0817117 1.74866 0.031857 -0.186173
12.75 -0.00549534 -0.0787421 1.73025 0.0307482 -0.189178
12.8 -0.00549534 -0.0787421 1.73025 0.0307482 -0.189178
12.85 -0.00558253 -0.0757433 1.71185 0.0296825 -0.180077
12.9 -0.00558253 -0.0757433 1.71185 0.0296825 -0.180077
12.95 -0.00566972 -0.0727446 1.69497 0.0285929 -0.172361
13 -0.00675649 -0.0697749 1.67656 0.0274687 -0.178442
13.05 -0.00675649 -0.0697749 1.67656 0.0274687 -0.178442
13.1 -0.00684368 -0.0667762 1.66122 0.0263541 -0.173238
13.15 -0.00684368 -0.0667762 1.66122 0.0263541 -0.173238
13.2 -0.0069018 -0.064777 1.64588 0.0256307 -0.166395
13.25 -0.0069018 -0.064777 1.64588 0.0256307 -0.166395
13.3 -0.00698899 -0.0617783 1.62901 0.0245068 -0.160997
13.35 -0.00704712 -0.0597792 1.61367 0.0237689 -0.154817
13.4 -0.00704712 -0.0597792 1.61367 0.0237689 -0.154817
13.45 -0.00713431 -0.0567804 1.59841 0.0226247 -0.151741
13.5 -0.00713431 -0.0567804 1.59841 0.0226247 -0.151741
13.55 -0.00719244 -0.0547813 1.5846 0.0218707 -0.147539
13.6 -0.00725056 -0.0527821 1.5708 0.0211128 -0.143758
13.65 -0.00725056 -0.0527821 1.5708 0.0211128 -0.143758
13.7 -0.00733775 -0.0497834 1.55699 0.019952 -0.143986
13.75 -0.00733775 -0.0497834 1.55699 0.019952 -0.143986
13.8 -0.00739588 -0.0477842 1.54472 0.0191843 -0.142613
13.85 -0.00739588 -0.0477842 1.54472 0.0191843 -0.142613
13.9 -0.00745401 -0.0457851 1.53091 0.0184183 -0.140765
13.95 -0.00751213 -0.0437859 1.51864 0.0176472 -0.140748
14 -0.00751213 -0.0437859 1.51864 0.0176472 -0.140748
14.05 -0.0075412 -0.0427863 1.50637 0.0172732 -0.136589
14.1 -0.0075412 -0.0427863 1.50637 0.0172732 -0.136589
14.15 -0.00659975 -0.0407581 1.49103 0.0164618 -0.110828
14.2 -0.00659975 -0.0407581 1.49103 0.0164618 -0.110828
14.25 -0.00665787 -0.038759 1.47722 0.0156846 -0.110794
14.3 -0.00668694 -0.0377594 1.46802 0.0152985 -0.10948
14.35 -0.00668694 -0.0377594 1.46802 0.0152985 -0.10948
14.4 -0.006716 -0.0367598 1.45728 0.0149136 -0.107325
14.45 -0.006716 -0.0367598 1.45728 0.0149136 -0.107325
14.5 -0.00677413 -0.0347607 1.44654 0.0141329 -0.111825
14.55 -0.00677413 -0.0347607 1.44654 0.0141329 -0.111825
14.6 -0.00680319 -0.0337611 1.4358 0.0137478 -0.110669
14.65 -0.00586174 -0.0317329 1.4266 0.0128983 -0.0868504
14.7 -0.00586174 -0.0317329 1.4266 0.0128983 -0.0868504
14.75 -0.0058908 -0.0307333 1.41586 0.0125097 -0.0860352
14.8 -0.0058908 -0.0307333 1.41586 0.0125097 -0.0860352
14.85 -0.00591987 -0.0297337 1.40666 0.0121206 -0.0868064
14.9 -0.00594893 -0.0287341 1.40052 0.0117307 -0.0903394
14.95 -0.00594893 -0.0287341 1.40052 0.0117307 -0.0903394
15 -0.00597799 -0.0277345 1.39285 0.0113419 -0.0932945
15.05 -0.00597799 -0.0277345 1.39285 0.0113419 -0.0932945
15.1 -0.00500748 -0.0267059 1.38518 0.0108685 -0.0591191
15.15 -0.00500748 -0.0267059 1.38518 0.0108685 -0.0591191
15.2 -0.00503654 -0.0257063 1.37751 0.010478 -0.0620537
15.25 -0.0050656 -0.0247067 1.36984 0.0100883 -0.0656542
15.3 -0.0050656 -0.0247067 1.36984 0.0100883 -0.0656542
15.35 -0.00509467 -0.0237072 1.36371 0.00969926 -0.0711337
15.4 -0.00509467 -0.0237072 1.36371 0.00969926 -0.0711337
15.45 -0.00512373 -0.0227076 1.3591 0.0093109 -0.0785813
15.5 -0.00512373 -0.0227076 1.3591 0.0093109 -0.0785813
15.55 -0.00415322 -0.021679 1.35297 0.00882568 -0.03942
15.6 -0.00415322 -0.021679 1.34683 0.00882397 -0.0348667
15.65 -0.00415322 -0.021679 1.34683 0.00882397 -0.0348667
15.7 -0.00418228 -0.0206794 1.3407 0.00843529 -0.0412163
15.75 -0.00418228 -0.0206794 1.3407 0.00843529 -0.0412163
15.8 -0.00421134 -0.0196798 1.33916 0.0080484 -0.0520353
15.85 -0.00421134 -0.0196798 1.33456 0.00804754 -0.0486214
15.9 -0.00421134 -0.0196798 1.33456 0.00804754 -0.0486214
15.95 -0.00424041 -0.0186802 1.32996 0.00766099 -0.0583761
16 -0.00424041 -0.0186802 1.32996 0.00766099 -0.0583761
16.05 -0.00426947 -0.0176806 1.32536 0.00727527 -0.0695285
16.1 -0.00426947 -0.0176806 1.32536 0.00727527 -0.0695285
16.15 -0.00326989 -0.0176516 1.32229 0.00716543 -0.0101423
16.2 -0.00329896 -0.016652 1.31769 0.00677902 -0.019905
16.25 -0.00329896 -0.016652 1.31769 0.00677902 -0.019905
16.3 -0.00329896 -0.016652 1.31462 0.00677779 -0.0176247
16.35 -0.00329896 -0.016652 1.31462 0.00677779 -0.0176247
16.4 -0.00332802 -0.0156524 1.31308 0.00639349 -0.0312775
16.45 -0.00332802 -0.0156524 1.31308 0.00639349 -0.0312775
16.5 -0.00335708 -0.0146528 1.31155 0.00600952 -0.0468429
16.55 -0.00335708 -0.0146528 1.31002 0.0060092 -0.0457035
16.6 -0.00335708 -0.0146528 1.31002 0.0060092 -0.0457035
16.65 -0.00335708 -0.0146528 1.30695 0.00600851 -0.0434242
16.7 -0.00335708 -0.0146528 1.30695 0.00600851 -0.0434242
16.75 -0.00238657 -0.0136242 1.30235 0.00550769 0.0150329
16.8 -0.00238657 -0.0136242 1.30235 0.00550769 0.0150329
16.85 -0.00238657 -0.0136242 1.29928 0.00550606 0.0173114
16.9 -0.00241563 -0.0126246 1.29774 0.00512334 0.00184682
16.95 -0.00241563 -0.0126246 1.29774 0.00512334 0.00184682
17 -0.00241563 -0.0126246 1.29774 0.00512334 0.00184682
17.05 -0.00241563 -0.0126246 1.29774 0.00512334 0.00184682
17.1 -0.0024447 -0.011625 1.29774 0.00474145 -0.0175075
17.15 -0.0024447 -0.011625 1.29774 0.00474145 -0.0175075
17.2 -0.0024447 -0.011625 1.29774 0.00474145 -0.0175075
17.25 -0.00247376 -0.0106255 1.29774 0.00435957 -0.0403234
17.3 -0.00247376 -0.0106255 1.29774 0.00435957 -0.0403234
17.35 -0.00247376 -0.0106255 1.29468 0.00435896 -0.0380424
17.4 -0.00247376 -0.0106255 1.29468 0.00435896 -0.0380424
17.45 -0.00247376 -0.0106255 1.29314 0.00435863 -0.0369018
17.5 -0.00150324 -0.00959683 1.29007 0.00385506 0.0432396
17.55 -0.00150324 -0.00959683 1.29007 0.00385506 0.0432396
17.6 -0.00150324 -0.00959683 1.28701 0.00385355 0.045512
17.65 -0.00150324 -0.00959683 1.28701 0.00385355 0.045512
17.7 -0.00150324 -0.00959683 1.28547 0.00385278 0.046648
17.75 -0.00150324 -0.00959683 1.28547 0.00385278 0.046648
17.8 -0.00150324 -0.00959683 1.28854 0.00385431 0.0443759
17.85 -0.00153231 -0.00859725 1.29161 0.00347465 0.0198596
17.9 -0.00153231 -0.00859725 1.29161 0.00347465 0.0198596
17.95 -0.00153231 -0.00859725 1.29314 0.0034752 0.0187203
18 -0.00153231 -0.00859725 1.29314 0.0034752 0.0187203
18.05 -0.00153231 -0.00859725 1.29621 0.00347626 0.0164417
18.1 -0.00153231 -0.00859725 1.29621 0.00347626 0.0164417
18.15 -0.00156137 -0.00759768 1.29774 0.0030949 -0.0126289
18.2 -0.00156137 -0.00759768 1.29928 0.00309523 -0.0137697
18.25 -0.00156137 -0.00759768 1.29928 0.00309523 -0.0137697
18.3 -0.00156137 -0.00759768 1.29928 0.00309523 -0.0137697
18.35 -0.00156137 -0.00759768 1.29928 0.00309523 -0.0137697
18.4 -0.00156137 -0.00759768 1.30081 0.00309556 -0.0149105
18.45 -0.00156137 -0.00759768 1.30081 0.00309556 -0.0149105
18.5 -0.00156137 -0.00759768 1.30081 0.00309556 -0.0149105
18.55 -0.00156137 -0.00759768 1.30081 0.00309556 -0.0149105
18.6 -0.00156137 -0.00759768 1.30081 0.00309556 -0.0149105
18.65 -0.00159043 -0.0065981 1.30081 0.00271331 -0.0508855
18.7 -0.00159043 -0.0065981 1.30081 0.00271331 -0.0508855
18.75 -0.00159043 -0.0065981 1.30081 0.00271331 -0.0508855
18.8 -0.00159043 -0.0065981 1.29928 0.00271317 -0.0497459
18.85 -0.00159043 -0.0065981 1.29928 0.00271317 -0.0497459
18.9 -0.00159043 -0.0065981 1.29468 0.0027127 -0.0463262
18.95 -0.00159043 -0.0065981 1.29468 0.0027127 -0.0463262
19 -0.00061992 -0.00556946 1.29161 0.00220986 0.0890047
19.05 -0.00061992 -0.00556946 1.29161 0.00220986 0.0890047
19.1 -0.00061992 -0.00556946 1.29007 0.00220928 0.0901311
19.15 -0.00061992 -0.00556946 1.28854 0.00220869 0.0912573
19.2 -0.00061992 -0.00556946 1.28854 0.00220869 0.0912573
19.25 -0.000648984 -0.00456988 1.29314 0.0018291 0.056083
19.3 -0.000648984 -0.00456988 1.29314 0.0018291 0.056083
19.35 -0.000648984 -0.00456988 1.30081 0.00183097 0.0504108
19.4 -0.000648984 -0.00456988 1.30081 0.00183097 0.0504108
19.45 -0.000648984 -0.00456988 1.30695 0.00183239 0.0458704
19.5 -0.000648984 -0.00456988 1.31002 0.00183308 0.0435994
19.55 -0.000648984 -0.00456988 1.31002 0.00183308 0.0435994
19.6 -0.000648984 -0.00456988 1.31462 0.00183407 0.0401919
19.65 -0.000648984 -0.00456988 1.31462 0.00183407 0.0401919
19.7 -0.000648984 -0.00456988 1.31769 0.00183472 0.0379196
19.75 -0.000648984 -0.00456988 1.31769 0.00183472 0.0379196
19.8 -0.000648984 -0.00456988 1.32075 0.00183534 0.0356469
19.85 -0.000648984 -0.00456988 1.32382 0.00183595 0.0333738
19.9 -0.000648984 -0.00456988 1.32382 0.00183595 0.0333738
19.95 -0.000678047 -0.0035703 1.32842 0.00145147 -0.0194899
20 -0.000678047 -0.0035703 1.32842 0.00145147 -0.0194899
20.05 -0.000678047 -0.0035703 1.33149 0.00145171 -0.0217691
20.1 -0.000678047 -0.0035703 1.33149 0.00145171 -0.0217691
20.15 -0.000678047 -0.0035703 1.33149 0.00145171 -0.0217691
20.2 -0.000678047 -0.0035703 1.33149 0.00145171 -0.0217691
20.25 -0.000678047 -0.0035703 1.33149 0.00145171 -0.0217691
20.3 -0.000678047 -0.0035703 1.32996 0.00145159 -0.0206295
20.35 -0.000678047 -0.0035703 1.32996 0.00145159 -0.0206295
20.4 -0.000678047 -0.0035703 1.32996 0.00145159 -0.0206295
20.45 -0.000678047 -0.0035703 1.32996 0.00145159 -0.0206295
20.5 -0.000678047 -0.0035703 1.32996 0.00145159 -0.0206295
20.55 -0.000678047 -0.0035703 1.32996 0.00145159 -0.0206295
20.6 -0.000678047 -0.0035703 1.32996 0.00145159 -0.0206295
20.65 -0.000678047 -0.0035703 1.32842 0.00145147 -0.0194899
20.7 -0.000678047 -0.0035703 1.32689 0.00145135 -0.0183502
20.75 -0.000678047 -0.0035703 1.32689 0.00145135 -0.0183502
20.8 -0.000678047 -0.0035703 1.32536 0.00145122 -0.0172104
20.85 -0.000678047 -0.0035703 1.32536 0.00145122 -0.0172104
20.9 -0.000678047 -0.0035703 1.32382 0.00145109 -0.0160706
20.95 -0.000678047 -0.0035703 1.32382 0.00145109 -0.0160706
21 -0.000678047 -0.0035703 1.32382 0.00145109 -0.0160706
21.05 -0.000678047 -0.0035703 1.32382 0.00145109 -0.0160706
21.1 -0.000678047 -0.0035703 1.32382 0.00145109 -0.0160706
21.15 -0.000678047 -0.0035703 1.32382 0.00145109 -0.0160706
21.2 -0.000678047 -0.0035703 1.32382 0.00145109 -0.0160706
21.25 -0.000678047 -0.0035703 1.32382 0.00145109 -0.0160706
21.3 -0.000678047 -0.0035703 1.32382 0.00145109 -0.0160706
21.35 -0.000678047 -0.0035703 1.32382 0.00145109 -0.0160706
21.4 -0.000678047 -0.0035703 1.32229 0.00145096 -0.0149307
21.45 -0.000678047 -0.0035703 1.32229 0.00145096 -0.0149307
21.5 -0.000678047 -0.0035703 1.32229 0.00145096 -0.0149307
21.55 -0.000678047 -0.0035703 1.32229 0.00145096 -0.0149307
21.6 -0.000678047 -0.0035703 1.32229 0.00145096 -0.0149307
21.65 -0.000678047 -0.0035703 1.32229 0.00145096 -0.0149307
21.7 -0.000678047 -0.0035703 1.32229 0.00145096 -0.0149307
21.75 -0.000678047 -0.0035703 1.32075 0.00145082 -0.0137908
21.8 -0.000678047 -0.0035703 1.32075 0.00145082 -0.0137908
21.85 -0.000678047 -0.0035703 1.32075 0.00145082 -0.0137908
21.9 -0.000678047 -0.0035703 1.32075 0.00145082 -0.0137908
21.95 -0.000678047 -0.0035703 1.32075 0.00145082 -0.0137908
22 -0.000678047 -0.0035703 1.32075 0.00145082 -0.0137908
22.05 -0.000678047 -0.0035703 1.32075 0.00145082 -0.0137908
22.1 -0.000678047 -0.0035703 1.32075 0.00145082 -0.0137908
22.15 -0.000678047 -0.0035703 1.32075 0.00145082 -0.0137908
22.2 -0.000678047 -0.0035703 1.32075 0.00145082 -0.0137908
22.25 -0.000678047 -0.0035703 1.32075 0.00145082 -0.0137908
22.3 -0.000678047 -0.0035703 1.32075 0.00145082 -0.0137908
22.35 -0.000678047 -0.0035703 1.32075 0.00145082 -0.0137908
22.4 -0.000678047 -0.0035703 1.32075 0.00145082 -0.0137908
22.45 -0.00070711 -0.00257072 1.32075 0.0010663 -0.0994784
22.5 -0.00070711 -0.00257072 1.32075 0.0010663 -0.0994784
22.55 -0.00070711 -0.00257072 1.32075 0.0010663 -0.0994784
22.6 -0.00070711 -0.00257072 1.31769 0.00106636 -0.0972145
22.65 -0.00070711 -0.00257072 1.31769 0.00106636 -0.0972145
22.7 -0.00070711 -0.00257072 1.31155 0.00106644 -0.0926829
22.75 -0.00070711 -0.00257072 1.31155 0.00106644 -0.0926829
22.8 -0.00070711 -0.00257072 1.30235 0.00106648 -0.0858769
22.85 -0.00070711 -0.00257072 1.30235 0.00106648 -0.0858769
22.9 -0.000736174 -0.00157115 1.29468 0.000684933 -0.257021
22.95 -0.000736174 -0.00157115 1.28547 0.000685935 -0.250587
23 -0.000736174 -0.00157115 1.28547 0.000685935 -0.250587
23.05 -0.000736174 -0.00157115 1.2778 0.000686725 -0.245205
23.1 -0.000736174 -0.00157115 1.2778 0.000686725 -0.245205
23.15 -0.000736174 -0.00157115 1.25326 0.000688982 -0.227855
23.2 -0.000736174 -0.00157115 1.25326 0.000688982 -0.227855
23.25 -0.000736174 -0.00157115 1.22718 0.000690926 -0.209225
23.3 -0.000736174 -0.00157115 1.2057 0.000692174 -0.193741
23.35 -0.000736174 -0.00157115 1.2057 0.000692174 -0.193741
23.4 0.000263404 -0.00154208 1.18423 0.000531594 0.429095
23.45 0.000263404 -0.00154208 1.18423 0.000531594 0.429095
23.5 0.000263404 -0.00154208 1.16735 0.000525948 0.438662
23.55 0.000263404 -0.00154208 1.15201 0.000520685 0.44724
23.6 0.000263404 -0.00154208 1.15201 0.000520685 0.44724
23.65 0.000263404 -0.00154208 1.14895 0.000519618 0.448942
23.7 0.000263404 -0.00154208 1.14895 0.000519618 0.448942
23.75 0.000263404 -0.00154208 1.16275 0.000524382 0.441247
23.8 0.000263404 -0.00154208 1.16275 0.000524382 0.441247
23.85 0.000263404 -0.00154208 1.20264 0.000537581 0.418503
23.9 0.000263404 -0.00154208 1.24405 0.000550382 0.394091
23.95 0.000263404 -0.00154208 1.24405 0.000550382 0.394091
24 0.000263404 -0.00154208 1.28394 0.000561817 0.369848
24.05 0.000263404 -0.00154208 1.28394 0.000561817 0.369848
24.1 0.000263404 -0.00154208 1.32382 0.000572359 0.344913
24.15 0.000263404 -0.00154208 1.32382 0.000572359 0.344913
24.2 0.000263404 -0.00154208 1.36064 0.000581282 0.321314
24.25 0.000263404 -0.00154208 1.39439 0.00058877 0.299215
24.3 0.000263404 -0.00154208 1.39439 0.00058877 0.299215
24.35 0.000263404 -0.00154208 1.42507 0.000594995 0.278761
24.4 0.000263404 -0.00154208 1.42507 0.000594995 0.278761
24.45 0.000263404 -0.00154208 1.45575 0.000600661 0.257981
24.5 0.000263404 -0.00154208 1.45575 0.000600661 0.257981
24.55 -0.000736174 -0.00157115 1.48336 0.000651773 -0.38181
24.6 -0.000736174 -0.00157115 1.50944 0.000645334 -0.397841
24.65 -0.000736174 -0.00157115 1.50944 0.000645334 -0.397841
24.7 -0.000736174 -0.00157115 1.52784 0.000640524 -0.408959
24.75 -0.000736174 -0.00157115 1.52784 0.000640524 -0.408959
24.8 -0.000736174 -0.00157115 1.53245 0.000639287 -0.411713
24.85 0.000263404 -0.00154208 1.52784 0.000611741 0.20799
24.9 0.000263404 -0.00154208 1.52784 0.000611741 0.20799
24.95 0.000263404 -0.00154208 1.50023 0.00060787 0.227315
25 0.000263404 -0.00154208 1.50023 0.00060787 0.227315
25.05 0.000263404 -0.00154208 1.46342 0.000601989 0.252738
25.1 0.000263404 -0.00154208 1.46342 0.000601989 0.252738
25.15 0.000263404 -0.00154208 1.43887 0.000597614 0.26945
25.2 0.000263404 -0.00154208 1.44041 0.000597898 0.268411
25.25 0.000263404 -0.00154208 1.44041 0.000597898 0.268411
25.3 0.000263404 -0.00154208 1.45114 0.000599847 0.261118
25.35 0.000263404 -0.00154208 1.45114 0.000599847 0.261118
25.4 0.000263404 -0.00154208 1.48029 0.000604786 0.241137
25.45 0.000263404 -0.00154208 1.48029 0.000604786 0.241137
25.5 -0.000736174 -0.00157115 1.50637 0.000646114 -0.395972
25.55 -0.000736174 -0.00157115 1.52631 0.000640933 -0.408039
25.6 -0.000736174 -0.00157115 1.52631 0.000640933 -0.408039
25.65 -0.000736174 -0.00157115 1.54472 0.000635924 -0.419004
25.7 -0.000736174 -0.00157115 1.54472 0.000635924 -0.419004
25.75 -0.000736174 -0.00157115 1.55239 0.000633773 -0.423523
25.8 -0.000736174 -0.00157115 1.55239 0.000633773 -0.423523
25.85 -0.000736174 -0.00157115 1.54012 0.000637196 -0.416279
25.9 -0.000736174 -0.00157115 1.50944 0.000645334 -0.397841
25.95 -0.000736174 -0.00157115 1.50944 0.000645334 -0.397841
26 0.000263404 -0.00154208 1.46648 0.00060251 0.250635
26.05 0.000263404 -0.00154208 1.46648 0.00060251 0.250635
26.1 0.000263404 -0.00154208 1.42967 0.000595881 0.275665
26.15 0.000263404 -0.00154208 1.42967 0.000595881 0.275665
26.2 -0.000736174 -0.00157115 1.39439 0.000670384 -0.324777
26.25 0.000263404 -0.00154208 1.37444 0.000584426 0.312326
26.3 0.000263404 -0.00154208 1.37444 0.000584426 0.312326
26.35 0.000263404 -0.00154208 1.36831 0.000583042 0.316329
26.4 0.000263404 -0.00154208 1.36831 0.000583042 0.316329
26.45 -0.000736174 -0.00157115 1.36064 0.000676062 -0.302266
26.5 0.000263404 -0.00154208 1.36064 0.000581282 0.321314
26.55 0.000263404 -0.00154208 1.36064 0.000581282 0.321314
26.6 -0.000736174 -0.00157115 1.36831 0.000674839 -0.307422
26.65 -0.000736174 -0.00157115 1.36831 0.000674839 -0.307422
26.7 -0.000736174 -0.00157115 1.37291 0.000674086 -0.310504
26.75 -0.000736174 -0.00157115 1.37291 0.000674086 -0.310504
26.8 -0.000736174 -0.00157115 1.38518 0.000672008 -0.318683
26.85 0.000263404 -0.00154208 1.38825 0.000587458 0.303265
26.9 0.000263404 -0.00154208 1.38825 0.000587458 0.303265
26.95 -0.000736174 -0.00157115 1.37138 0.000674339 -0.309478
27 -0.000736174 -0.00157115 1.37138 0.000674339 -0.309478
27.05 -0.000736174 -0.00157115 1.34223 0.000678835 -0.289799
27.1 -0.000736174 -0.00157115 1.34223 0.000678835 -0.289799
27.15 -0.00070711 -0.00257072 1.32075 0.0010663 -0.0994784
27.2 -0.000736174 -0.00157115 1.29928 0.00068441 -0.260228
27.25 -0.000736174 -0.00157115 1.29928 0.00068441 -0.260228
27.3 0.000263404 -0.00154208 1.27013 0.000557959 0.378319
27.35 0.000263404 -0.00154208 1.27013 0.000557959 0.378319
27.4 -0.000736174 -0.00157115 1.25479 0.000688853 -0.228945
27.45 -0.000736174 -0.00157115 1.25479 0.000688853 -0.228945
27.5 0.000263404 -0.00154208 1.23792 0.000548545 0.397757
27.55 0.000263404 -0.00154208 1.22411 0.000544335 0.405944
27.6 0.000263404 -0.00154208 1.22411 0.000544335 0.405944
27.65 -0.000736174 -0.00157115 1.2057 0.000692174 -0.193741
27.7 -0.000736174 -0.00157115 1.2057 0.000692174 -0.193741
27.75 -0.000736174 -0.00157115 1.20264 0.000692326 -0.191519
27.8 -0.00070711 -0.00257072 1.20264 0.00106118 -0.0116814
27.85 -0.00070711 -0.00257072 1.20264 0.00106118 -0.0116814
27.9 -0.000736174 -0.00157115 1.19497 0.000692678 -0.185954
27.95 -0.000736174 -0.00157115 1.19497 0.000692678 -0.185954
28 0.000263404 -0.00154208 1.18116 0.000530579 0.430844
28.05 0.000263404 -0.00154208 1.18116 0.000530579 0.430844
28.1 -0.000736174 -0.00157115 1.17349 0.000693447 -0.170296
28.15 0.000263404 -0.00154208 1.16429 0.000524905 0.440387
28.2 0.000263404 -0.00154208 1.16429 0.000524905 0.440387
28.25 0.000263404 -0.00154208 1.15815 0.000522805 0.443823
28.3 0.000263404 -0.00154208 1.15815 0.000522805 0.443823
28.35 0.000263404 -0.00154208 1.14895 0.000519618 0.448942
28.4 0.000263404 -0.00154208 1.14895 0.000519618 0.448942
28.45 0.000263404 -0.00154208 1.14895 0.000519618 0.448942
28.5 0.000263404 -0.00154208 1.16275 0.000524382 0.441247
28.55 0.000263404 -0.00154208 1.16275 0.000524382 0.441247
28.6 0.000263404 -0.00154208 1.2057 0.000538561 0.416722
28.65 0.000263404 -0.00154208 1.2057 0.000538561 0.416722
28.7 0.000263404 -0.00154208 1.24712 0.000551293 0.392251
28.75 0.000263404 -0.00154208 1.24712 0.000551293 0.392251
28.8 0.000263404 -0.00154208 1.28701 0.00056266 0.367954
28.85 0.000263404 -0.00154208 1.32689 0.000573132 0.342968
28.9 0.000263404 -0.00154208 1.32689 0.000573132 0.342968
28.95 0.000263404 -0.00154208 1.36371 0.00058199 0.319323
29 0.000263404 -0.00154208 1.36371 0.00058199 0.319323
29.05 0.000263404 -0.00154208 1.39899 0.000589739 0.296169
29.1 0.000263404 -0.00154208 1.39899 0.000589739 0.296169
29.15 0.000263404 -0.00154208 1.42967 0.000595881 0.275665
29.2 0.000263404 -0.00154208 1.46035 0.000601462 0.254838
29.25 0.000263404 -0.00154208 1.46035 0.000601462 0.254838
29.3 0.000263404 -0.00154208 1.48489 0.000605519 0.237958
29.35 0.000263404 -0.00154208 1.51097 0.00060943 0.219825
29.4 0.000263404 -0.00154208 1.51097 0.00060943 0.219825
29.45 0.000263404 -0.00154208 1.53245 0.00061234 0.204748
29.5 0.000263404 -0.00154208 1.53245 0.00061234 0.204748
29.55 0.000263404 -0.00154208 1.55392 0.000614968 0.189551
29.6 0.000263404 -0.00154208 1.55392 0.000614968 0.189551
29.65 0.000263404 -0.00154208 1.57386 0.000617154 0.175338
29.7 0.000263404 -0.00154208 1.59074 0.000618812 0.163242
29.75 0.000263404 -0.00154208 1.59074 0.000618812 0.163242
29.8 0.000263404 -0.00154208 1.60907 0.000620413 0.150033
29.85 0.000263404 -0.00154208 1.60907 0.000620413 0.150033
29.9 0.000263404 -0.00154208 1.62441 0.000621593 0.138929
29.95 0.000263404 -0.00154208 1.62441 0.000621593 0.138929
30 0.000263404 -0.00154208 1.63821 0.00062253 0.128898
30.05 0.000263404 -0.00154208 1.65049 0.000623263 0.119955
30.1 0.000263404 -0.00154208 1.65049 0.000623263 0.119955
30.15 0.000263404 -0.00154208 1.66276 0.000623903 0.110988
30.2 0.000263404 -0.00154208 1.66276 0.000623903 0.110988
30.25 0.000263404 -0.00154208 1.6735 0.000624385 0.103124
30.3 0.000263404 -0.00154208 1.6735 0.000624385 0.103124
30.35 0.000263404 -0.00154208 1.68423 0.000624795 0.0952449
30.4 0.000263404 -0.00154208 1.69344 0.00062509 0.0884794
30.45 0.000263404 -0.00154208 1.69344 0.00062509 0.0884794
30.5 0.000263404 -0.00154208 1.70111 0.000625295 0.082834
30.55 0.000263404 -0.00154208 1.70111 0.000625295 0.082834
30.6 0.000263404 -0.00154208 1.71031 0.000625492 0.076051
30.65 0.000263404 -0.00154208 1.71031 0.000625492 0.076051
30.7 0.000263404 -0.00154208 1.71798 0.000625616 0.070392
30.75 0.000263404 -0.00154208 1.72412 0.000625689 0.0658608
30.8 0.000263404 -0.00154208 1.72412 0.000625689 0.0658608
30.85 0.000263404 -0.00154208 1.73179 0.000625746 0.0601922
30.9 0.000263404 -0.00154208 1.73179 0.000625746 0.0601922
30.95 0.000263404 -0.00154208 1.73792 0.000625766 0.0556539
31 0.000263404 -0.00154208 1.74253 0.000625765 0.0522483
31.05 0.000263404 -0.00154208 1.74253 0.000625765 0.0522483
31.1 0.000263404 -0.00154208 1.74713 0.000625751 0.0488413
31.15 0.000263404 -0.00154208 1.74713 0.000625751 0.0488413
31.2 0.000263404 -0.00154208 1.75173 0.000625724 0.0454329
31.25 0.000263404 -0.00154208 1.75173 0.000625724 0.0454329
31.3 0.000263404 -0.00154208 1.7548 0.000625699 0.0431599
31.35 0.000263404 -0.00154208 1.75787 0.000625667 0.0408863
31.4 0.000263404 -0.00154208 1.75787 0.000625667 0.0408863
31.45 0.000263404 -0.00154208 1.76247 0.000625609 0.037475
31.5 0.000263404 -0.00154208 1.76247 0.000625609 0.037475
31.55 0.000263404 -0.00154208 1.76554 0.000625563 0.0352002
31.6 0.000263404 -0.00154208 1.76554 0.000625563 0.0352002
31.65 0.000263404 -0.00154208 1.7686 0.000625511 0.032925
31.7 0.000263404 -0.00154208 1.77167 0.000625453 0.0306493
31.75 0.000263404 -0.00154208 1.77167 0.000625453 0.0306493
31.8 0.000263404 -0.00154208 1.77474 0.000625389 0.0283733
31.85 0.000263404 -0.00154208 1.77474 0.000625389 0.0283733
31.9 0.000263404 -0.00154208 1.77627 0.000625355 0.0272351
31.95 0.000263404 -0.00154208 1.77627 0.000625355 0.0272351
32 0.000263404 -0.00154208 1.77781 0.00062532 0.0260969
32.05 0.000263404 -0.00154208 1.77934 0.000625283 0.0249585
32.1 0.000263404 -0.00154208 1.77934 0.000625283 0.0249585
32.15 0.000263404 -0.00154208 1.78088 0.000625244 0.0238201
32.2 0.000263404 -0.00154208 1.78088 0.000625244 0.0238201
32.25 0.000263404 -0.00154208 1.78394 0.000625163 0.0215431
32.3 0.000263404 -0.00154208 1.78548 0.00062512 0.0204044
32.35 0.000263404 -0.00154208 1.78548 0.00062512 0.0204044
32.4 0.000263404 -0.00154208 1.78701 0.000625075 0.0192657
32.45 0.000263404 -0.00154208 1.78701 0.000625075 0.0192657
32.5 0.000263404 -0.00154208 1.78855 0.000625029 0.018127
32.55 0.000263404 -0.00154208 1.78855 0.000625029 0.018127
32.6 0.000263404 -0.00154208 1.79008 0.000624982 0.0169881
32.65 0.000263404 -0.00154208 1.79161 0.000624933 0.0158493
32.7 0.000263404 -0.00154208 1.79161 0.000624933 0.0158493
32.75 0.000263404 -0.00154208 1.79315 0.000624883 0.0147103
32.8 0.000263404 -0.00154208 1.79315 0.000624883 0.0147103
32.85 0.000263404 -0.00154208 1.79315 0.000624883 0.0147103
32.9 0.000263404 -0.00154208 1.79315 0.000624883 0.0147103
32.95 0.000263404 -0.00154208 1.79315 0.000624883 0.0147103
33 0.000263404 -0.00154208 1.79315 0.000624883 0.0147103
33.05 0.000263404 -0.00154208 1.79315 0.000624883 0.0147103
33.1 0.000263404 -0.00154208 1.79315 0.000624883 0.0147103
33.15 0.000263404 -0.00154208 1.79315 0.000624883 0.0147103
33.2 0.000263404 -0.00154208 1.79315 0.000624883 0.0147103
33.25 0.000263404 -0.00154208 1.79315 0.000624883 0.0147103
33.3 0.000263404 -0.00154208 1.79315 0.000624883 0.0147103
33.35 0.000263404 -0.00154208 1.79315 0.000624883 0.0147103
33.4 0.000263404 -0.00154208 1.79315 0.000624883 0.0147103
33.45 0.000263404 -0.00154208 1.79315 0.000624883 0.0147103
33.5 0.000263404 -0.00154208 1.79315 0.000624883 0.0147103
33.55 0.000263404 -0.00154208 1.79315 0.000624883 0.0147103
33.6 0.000263404 -0.00154208 1.79315 0.000624883 0.0147103
33.65 0.000263404 -0.00154208 1.79315 0.000624883 0.0147103
33.7 0.000263404 -0.00154208 1.79315 0.000624883 0.0147103
33.75 0.000263404 -0.00154208 1.79315 0.000624883 0.0147103
33.8 0.000263404 -0.00154208 1.79315 0.000624883 0.0147103
33.85 0.000263404 -0.00154208 1.79315 0.000624883 0.0147103
33.9 0.000263404 -0.00154208 1.79315 0.000624883 0.0147103
33.95 0.000263404 -0.00154208 1.79315 0.000624883 0.0147103
34 0.000263404 -0.00154208 1.79315 0.000624883 0.0147103
34.05 0.000263404 -0.00154208 1.79315 0.000624883 0.0147103
34.1 0.000263404 -0.00154208 1.79315 0.000624883 0.0147103
34.15 0.000263404 -0.00154208 1.79315 0.000624883 0.0147103
34.2 0.000263404 -0.00154208 1.79315 0.000624883 0.0147103
34.25 0.000263404 -0.00154208 1.79315 0.000624883 0.0147103
34.3 0.000263404 -0.00154208 1.79315 0.000624883 0.0147103
34.35 0.000263404 -0.00154208 1.79315 0.000624883 0.0147103
34.4 0.000263404 -0.00154208 1.79315 0.000624883 0.0147103
34.45 0.000263404 -0.00154208 1.79315 0.000624883 0.0147103
34.5 0.000263404 -0.00154208 1.79315 0.000624883 0.0147103
34.55 0.000263404 -0.00154208 1.79315 0.000624883 0.0147103
34.6 0.000263404 -0.00154208 1.79315 0.000624883 0.0147103
34.65 0.000263404 -0.00154208 1.79315 0.000624883 0.0147103
34.7 0.000263404 -0.00154208 1.79315 0.000624883 0.0147103
34.75 0.000263404 -0.00154208 1.79315 0.000624883 0.0147103
34.8 0.000263404 -0.00154208 1.79315 0.000624883 0.0147103
34.85 0.000263404 -0.00154208 1.79315 0.000624883 0.0147103
34.9 0.000263404 -0.00154208 1.79315 0.000624883 0.0147103
34.95 0.000263404 -0.00154208 1.79315 0.000624883 0.0147103
35 0.000263404 -0.00154208 1.79315 0.000624883 0.0147103
35.05 0.000263404 -0.00154208 1.79315 0.000624883 0.0147103
35.1 0.000263404 -0.00154208 1.79315 0.000624883 0.0147103
35.15 0.000263404 -0.00154208 1.79315 0.000624883 0.0147103
35.2 0.000263404 -0.00154208 1.79315 0.000624883 0.0147103
35.25 0.000263404 -0.00154208 1.79315 0.000624883 0.0147103
35.3 0.000263404 -0.00154208 1.79315 0.000624883 0.0147103
35.35 0.000263404 -0.00154208 1.79315 0.000624883 0.0147103
35.4 0.000263404 -0.00154208 1.79315 0.000624883 0.0147103
35.45 0.000263404 -0.00154208 1.79315 0.000624883 0.0147103
35.5 0.000263404 -0.00154208 1.79315 0.000624883 0.0147103
35.55 0.000263404 -0.00154208 1.79315 0.000624883 0.0147103
35.6 0.000263404 -0.00154208 1.79315 0.000624883 0.0147103
35.65 0.000263404 -0.00154208 1.79315 0.000624883 0.0147103
35.7 0.000263404 -0.00154208 1.79315 0.000624883 0.0147103
35.75 0.000263404 -0.00154208 1.79315 0.000624883 0.0147103
35.8 0.000263404 -0.00154208 1.79315 0.000624883 0.0147103
35.85 0.000263404 -0.00154208 1.79315 0.000624883 0.0147103
35.9 0.000263404 -0.00154208 1.79315 0.000624883 0.0147103
35.95 0.000263404 -0.00154208 1.79315 0.000624883 0.0147103
36 0.000263404 -0.00154208 1.79315 0.000624883 0.0147103
36.05 0.000263404 -0.00154208 1.79315 0.000624883 0.0147103
36.1 0.000263404 -0.00154208 1.79315 0.000624883 0.0147103
36.15 0.000263404 -0.00154208 1.79315 0.000624883 0.0147103
36.2 0.000263404 -0.00154208 1.79315 0.000624883 0.0147103
36.25 0.000263404 -0.00154208 1.79315 0.000624883 0.0147103
36.3 0.000263404 -0.00154208 1.79315 0.000624883 0.0147103
36.35 0.000263404 -0.00154208 1.79315 0.000624883 0.0147103
36.4 0.000263404 -0.00154208 1.79315 0.000624883 0.0147103
36.45 0.000263404 -0.00154208 1.79315 0.000624883 0.0147103
36.5 0.000263404 -0.00154208 1.79315 0.000624883 0.0147103
36.55 0.000263404 -0.00154208 1.79315 0.000624883 0.0147103
36.6 0.000263404 -0.00154208 1.79315 0.000624883 0.0147103
36.65 0.000263404 -0.00154208 1.79315 0.000624883 0.0147103
36.7 0.000263404 -0.00154208 1.79315 0.000624883 0.0147103
36.75 0.000263404 -0.00154208 1.79315 0.000624883 0.0147103
36.8 0.000263404 -0.00154208 1.79315 0.000624883 0.0147103
36.85 0.000263404 -0.00154208 1.79315 0.000624883 0.0147103
36.9 0.000263404 -0.00154208 1.79315 0.000624883 0.0147103
36.95 0.000263404 -0.00154208 1.79315 0.000624883 0.0147103
37 0.000263404 -0.00154208 1.79315 0.000624883 0.0147103
37.05 0.000263404 -0.00154208 1.79315 0.000624883 0.0147103
37.1 0.000263404 -0.00154208 1.79315 0.000624883 0.0147103
37.15 0.000263404 -0.00154208 1.79315 0.000624883 0.0147103
37.2 0.000263404 -0.00154208 1.79315 0.000624883 0.0147103
37.25 0.000263404 -0.00154208 1.79315 0.000624883 0.0147103
37.3 0.000263404 -0.00154208 1.79315 0.000624883 0.0147103
37.35 0.000263404 -0.00154208 1.79315 0.000624883 0.0147103
37.4 0.000263404 -0.00154208 1.79315 0.000624883 0.0147103
37.45 0.000263404 -0.00154208 1.79315 0.000624883 0.0147103
37.5 0.000263404 -0.00154208 1.79315 0.000624883 0.0147103
37.55 0.000263404 -0.00154208 1.79315 0.000624883 0.0147103
37.6 0.000263404 -0.00154208 1.79315 0.000624883 0.0147103
37.65 0.000263404 -0.00154208 1.79315 0.000624883 0.0147103
37.7 0.000263404 -0.00154208 1.79315 0.000624883 0.0147103
37.75 0.000263404 -0.00154208 1.79315 0.000624883 0.0147103
37.8 0.000263404 -0.00154208 1.79315 0.000624883 0.0147103
37.85 0.000263404 -0.00154208 1.79315 0.000624883 0.0147103
37.9 0.000263404 -0.00154208 1.79315 0.000624883 0.0147103
37.95 0.000263404 -0.00154208 1.79315 0.000624883 0.0147103
38 0.000263404 -0.00154208 1.79315 0.000624883 0.0147103
38.05 0.000263404 -0.00154208 1.79315 0.000624883 0.0147103
38.1 0.000263404 -0.00154208 1.79315 0.000624883 0.0147103
38.15 0.000263404 -0.00154208 1.79315 0.000624883 0.0147103
38.2 0.000263404 -0.00154208 1.79315 0.000624883 0.0147103
38.25 0.000263404 -0.00154208 1.79315 0.000624883 0.0147103
38.3 0.000263404 -0.00154208 1.79315 0.000624883 0.0147103
38.35 0.000263404 -0.00154208 1.79315 0.000624883 0.0147103
38.4 0.000263404 -0.00154208 1.79315 0.000624883 0.0147103
38.45 0.000263404 -0.00154208 1.79315 0.000624883 0.0147103
38.5 0.000263404 -0.00154208 1.79315 0.000624883 0.0147103
38.55 0.000263404 -0.00154208 1.79315 0.000624883 0.0147103
38.6 0.000263404 -0.00154208 1.79315 0.000624883 0.0147103
38.65 0.000263404 -0.00154208 1.79315 0.000624883 0.0147103
38.7 0.000263404 -0.00154208 1.79315 0.000624883 0.0147103
38.75 0.000263404 -0.00154208 1.79315 0.000624883 0.0147103
38.8 0.000263404 -0.00154208 1.79315 0.000624883 0.0147103
38.85 0.000263404 -0.00154208 1.79315 0.000624883 0.0147103
38.9 0.000263404 -0.00154208 1.79315 0.000624883 0.0147103
38.95 0.000263404 -0.00154208 1.79315 0.000624883 0.0147103
39 0.000263404 -0.00154208 1.79315 0.000624883 0.0147103
39.05 0.000263404 -0.00154208 1.79315 0.000624883 0.0147103
39.1 0.000263404 -0.00154208 1.79315 0.000624883 0.0147103
39.15 0.000263404 -0.00154208 1.79315 0.000624883 0.0147103
39.2 0.000263404 -0.00154208 1.79315 0.000624883 0.0147103
39.25 0.000263404 -0.00154208 1.79315 0.000624883 0.0147103
39.3 0.000263404 -0.00154208 1.79315 0.000624883 0.0147103
39.35 0.000263404 -0.00154208 1.79315 0.000624883 0.0147103
39.4 0.000263404 -0.00154208 1.79315 0.000624883 0.0147103
39.45 0.000263404 -0.00154208 1.79315 0.000624883 0.0147103
39.5 0.000263404 -0.00154208 1.79315 0.000624883 0.0147103
39.55 0.000263404 -0.00154208 1.79315 0.000624883 0.0147103
39.6 0.000263404 -0.00154208 1.79315 0.000624883 0.0147103
39.65 0.000263404 -0.00154208 1.79315 0.000624883 0.0147103
39.7 0.000263404 -0.00154208 1.79315 0.000624883 0.0147103
39.75 0.000263404 -0.00154208 1.79315 0.000624883 0.0147103
39.8 0.000263404 -0.00154208 1.79161 0.000624933 0.0158493
39.85 0.000263404 -0.00154208 1.79008 0.000624982 0.0169881
39.9 0.000263404 -0.00154208 1.79008 0.000624982 0.0169881
39.95 0.000263404 -0.00154208 1.79008 0.000624982 0.0169881
40 0.000263404 -0.00154208 1.79008 0.000624982 0.0169881
40.05 0.000263404 -0.00154208 1.79008 0.000624982 0.0169881
40.1 0.000263404 -0.00154208 1.79161 0.000624933 0.0158493
40.15 0.000263404 -0.00154208 1.79161 0.000624933 0.0158493
40.2 0.000263404 -0.00154208 1.79008 0.000624982 0.0169881
40.25 0.000263404 -0.00154208 1.79008 0.000624982 0.0169881
40.3 0.000263404 -0.00154208 1.79161 0.000624933 0.0158493
40.35 0.000263404 -0.00154208 1.79161 0.000624933 0.0158493
40.4 0.000263404 -0.00154208 1.79161 0.000624933 0.0158493
40.45 0.000263404 -0.00154208 1.79161 0.000624933 0.0158493
40.5 0.000263404 -0.00154208 1.79161 0.000624933 0.0158493
40.55 0.000263404 -0.00154208 1.79008 0.000624982 0.0169881
40.6 0.000263404 -0.00154208 1.79008 0.000624982 0.0169881
40.65 0.000263404 -0.00154208 1.79008 0.000624982 0.0169881
40.7 0.000263404 -0.00154208 1.79008 0.000624982 0.0169881
40.75 0.000263404 -0.00154208 1.79008 0.000624982 0.0169881
40.8 0.000263404 -0.00154208 1.79008 0.000624982 0.0169881
40.85 0.000263404 -0.00154208 1.79008 0.000624982 0.0169881
40.9 0.000263404 -0.00154208 1.79008 0.000624982 0.0169881
40.95 0.000263404 -0.00154208 1.79008 0.000624982 0.0169881
41 0.000263404 -0.00154208 1.79315 0.000624883 0.0147103
41.05 0.000263404 -0.00154208 1.79315 0.000624883 0.0147103
41.1 0.000263404 -0.00154208 1.79315 0.000624883 0.0147103
41.15 0.000263404 -0.00154208 1.79315 0.000624883 0.0147103
41.2 0.000263404 -0.00154208 1.79315 0.000624883 0.0147103
41.25 0.000263404 -0.00154208 1.79315 0.000624883 0.0147103
41.3 0.000263404 -0.00154208 1.79315 0.000624883 0.0147103
41.35 0.000263404 -0.00154208 1.79315 0.000624883 0.0147103
41.4 0.000263404 -0.00154208 1.79315 0.000624883 0.0147103
41.45 0.000263404 -0.00154208 1.79315 0.000624883 0.0147103
41.5 0.000263404 -0.00154208 1.79315 0.000624883 0.0147103
41.55 0.000263404 -0.00154208 1.79315 0.000624883 0.0147103
41.6 0.000263404 -0.00154208 1.79315 0.000624883 0.0147103
41.65 0.000263404 -0.00154208 1.79315 0.000624883 0.0147103
41.7 0.000263404 -0.00154208 1.79315 0.000624883 0.0147103
41.75 0.000263404 -0.00154208 1.79315 0.000624883 0.0147103
41.8 0.000263404 -0.00154208 1.79315 0.000624883 0.0147103
41.85 0.000263404 -0.00154208 1.79315 0.000624883 0.0147103
41.9 0.000263404 -0.00154208 1.79315 0.000624883 0.0147103
41.95 0.000263404 -0.00154208 1.79315 0.000624883 0.0147103
42 0.000263404 -0.00154208 1.79315 0.000624883 0.0147103
42.05 0.000263404 -0.00154208 1.79315 0.000624883 0.0147103
42.1 0.000263404 -0.00154208 1.79315 0.000624883 0.0147103
42.15 0.000263404 -0.00154208 1.79315 0.000624883 0.0147103
42.2 0.000263404 -0.00154208 1.79315 0.000624883 0.0147103
42.25 0.000263404 -0.00154208 1.79315 0.000624883 0.0147103
42.3 0.000263404 -0.00154208 1.79315 0.000624883 0.0147103
42.35 0.000263404 -0.00154208 1.79315 0.000624883 0.0147103
42.4 0.000263404 -0.00154208 1.79315 0.000624883 0.0147103
42.45 0.000263404 -0.00154208 1.79315 0.000624883 0.0147103
42.5 0.000263404 -0.00154208 1.79315 0.000624883 0.0147103
42.55 0.000263404 -0.00154208 1.79315 0.000624883 0.0147103
42.6 0.000263404 -0.00154208 1.79315 0.000624883 0.0147103
42.65 0.000263404 -0.00154208 1.79315 0.000624883 0.0147103
42.7 0.000263404 -0.00154208 1.79315 0.000624883 0.0147103
42.75 0.000263404 -0.00154208 1.79315 0.000624883 0.0147103
42.8 0.000263404 -0.00154208 1.79468 0.000624831 0.0135713
42.85 0.000263404 -0.00154208 1.79468 0.000624831 0.0135713
42.9 0.000263404 -0.00154208 1.79468 0.000624831 0.0135713
42.95 0.000263404 -0.00154208 1.79468 0.000624831 0.0135713
43 0.000263404 -0.00154208 1.79622 0.000624778 0.0124323
43.05 0.000263404 -0.00154208 1.79622 0.000624778 0.0124323
43.1 0.000263404 -0.00154208 1.80389 0.00062449 0.00673658
43.15 0.000263404 -0.00154208 1.80542 0.000624428 0.00559735
43.2 0.000263404 -0.00154208 1.80542 0.000624428 0.00559735
43.25 0.000263404 -0.00154208 1.80542 0.000624428 0.00559735
43.3 0.000263404 -0.00154208 1.80542 0.000624428 0.00559735
43.35 0.000263404 -0.00154208 1.80542 0.000624428 0.00559735
43.4 0.000263404 -0.00154208 1.80542 0.000624428 0.00559735
43.45 0.000263404 -0.00154208 1.80389 0.00062449 0.00673658
43.5 0.000263404 -0.00154208 1.80389 0.00062449 0.00673658
43.55 0.000263404 -0.00154208 1.80389 0.00062449 0.00673658
43.6 0.000263404 -0.00154208 1.80389 0.00062449 0.00673658
43.65 0.000263404 -0.00154208 1.80389 0.00062449 0.00673658
43.7 0.000263404 -0.00154208 1.80389 0.00062449 0.00673658
43.75 0.000263404 -0.00154208 1.80389 0.00062449 0.00673658
43.8 0.000263404 -0.00154208 1.80542 0.000624428 0.00559735
43.85 0.000263404 -0.00154208 1.80235 0.00062455 0.00787579
43.9 0.000263404 -0.00154208 1.80235 0.00062455 0.00787579
43.95 0.000263404 -0.00154208 1.79928 0.000624667 0.0101541
44 0.000263404 -0.00154208 1.79928 0.000624667 0.0101541
44.05 0.000263404 -0.00154208 1.79928 0.000624667 0.0101541
44.1 0.000263404 -0.00154208 1.80082 0.000624609 0.00901497
44.15 0.000263404 -0.00154208 1.80082 0.000624609 0.00901497
44.2 0.000263404 -0.00154208 1.80082 0.000624609 0.00901497
44.25 0.000263404 -0.00154208 1.80082 0.000624609 0.00901497
44.3 0.000263404 -0.00154208 1.80082 0.000624609 0.00901497
44.35 0.000263404 -0.00154208 1.80082 0.000624609 0.00901497
44.4 0.000263404 -0.00154208 1.80082 0.000624609 0.00901497
44.45 0.000263404 -0.00154208 1.80082 0.000624609 0.00901497
44.5 0.000263404 -0.00154208 1.80082 0.000624609 0.00901497
44.55 0.000263404 -0.00154208 1.80082 0.000624609 0.00901497
44.6 0.000263404 -0.00154208 1.80082 0.000624609 0.00901497
44.65 0.000263404 -0.00154208 1.80082 0.000624609 0.00901497
44.7 0.000263404 -0.00154208 1.80082 0.000624609 0.00901497
44.75 0.000263404 -0.00154208 1.80082 0.000624609 0.00901497
44.8 0.000263404 -0.00154208 1.80082 0.000624609 0.00901497
44.85 0.000263404 -0.00154208 1.80082 0.000624609 0.00901497
44.9 0.000263404 -0.00154208 1.80082 0.000624609 0.00901497
44.95 0.000263404 -0.00154208 1.80082 0.000624609 0.00901497
45 0.000263404 -0.00154208 1.80082 0.000624609 0.00901497
45.05 0.000263404 -0.00154208 1.80082 0.000624609 0.00901497
45.1 0.000263404 -0.00154208 1.80082 0.000624609 0.00901497
45.15 0.000263404 -0.00154208 1.80082 0.000624609 0.00901497
45.2 0.000263404 -0.00154208 1.80082 0.000624609 0.00901497
45.25 0.000263404 -0.00154208 1.80082 0.000624609 0.00901497
45.3 0.000263404 -0.00154208 1.80082 0.000624609 0.00901497
45.35 0.000263404 -0.00154208 1.80082 0.000624609 0.00901497
45.4 0.000263404 -0.00154208 1.80082 0.000624609 0.00901497
45.45 0.000263404 -0.00154208 1.80082 0.000624609 0.00901497
45.5 0.000263404 -0.00154208 1.80082 0.000624609 0.00901497
45.55 0.000263404 -0.00154208 1.80082 0.000624609 0.00901497
45.6 0.000263404 -0.00154208 1.80082 0.000624609 0.00901497
45.65 0.000263404 -0.00154208 1.80082 0.000624609 0.00901497
45.7 0.000263404 -0.00154208 1.80082 0.000624609 0.00901497
45.75 0.000263404 -0.00154208 1.80082 0.000624609 0.00901497
45.8 0.000263404 -0.00154208 1.80082 0.000624609 0.00901497
45.85 0.000263404 -0.00154208 1.80082 0.000624609 0.00901497
45.9 0.000263404 -0.00154208 1.80082 0.000624609 0.00901497
45.95 0.000263404 -0.00154208 1.80082 0.000624609 0.00901497
46 0.000263404 -0.00154208 1.80082 0.000624609 0.00901497
46.05 0.000263404 -0.00154208 1.80082 0.000624609 0.00901497
46.1 0.000263404 -0.00154208 1.80082 0.000624609 0.00901497
46.15 0.000263404 -0.00154208 1.80082 0.000624609 0.00901497
46.2 0.000263404 -0.00154208 1.80082 0.000624609 0.00901497
46.25 0.000263404 -0.00154208 1.80082 0.000624609 0.00901497
46.3 0.000263404 -0.00154208 1.80082 0.000624609 0.00901497
46.35 0.000263404 -0.00154208 1.80082 0.000624609 0.00901497
46.4 0.000263404 -0.00154208 1.80082 0.000624609 0.00901497
46.45 0.000263404 -0.00154208 1.80082 0.000624609 0.00901497
46.5 0.000263404 -0.00154208 1.80082 0.000624609 0.00901497
46.55 0.000263404 -0.00154208 1.80082 0.000624609 0.00901497
46.6 0.000263404 -0.00154208 1.80082 0.000624609 0.00901497
46.65 0.000263404 -0.00154208 1.80082 0.000624609 0.00901497
46.7 0.000263404 -0.00154208 1.80082 0.000624609 0.00901497
46.75 0.000263404 -0.00154208 1.80082 0.000624609 0.00901497
46.8 0.000263404 -0.00154208 1.80082 0.000624609 0.00901497
46.85 0.000263404 -0.00154208 1.80082 0.000624609 0.00901497
46.9 0.000263404 -0.00154208 1.80082 0.000624609 0.00901497
46.95 0.000263404 -0.00154208 1.80082 0.000624609 0.00901497
47 0.000292467 -0.00254166 1.80082 0.00101656 -0.0488558
47.05 0.000292467 -0.00254166 1.80082 0.00101656 -0.0488558
47.1 0.000292467 -0.00254166 1.80082 0.00101656 -0.0488558
47.15 0.000263404 -0.00154208 1.79928 0.000624667 0.0101541
47.2 0.000263404 -0.00154208 1.79928 0.000624667 0.0101541
47.25 0.000263404 -0.00154208 1.79622 0.000624778 0.0124323
47.3 0.000263404 -0.00154208 1.79468 0.000624831 0.0135713
47.35 0.000263404 -0.00154208 1.79468 0.000624831 0.0135713
47.4 0.000263404 -0.00154208 1.79468 0.000624831 0.0135713
47.45 0.000263404 -0.00154208 1.79468 0.000624831 0.0135713
47.5 0.000263404 -0.00154208 1.79468 0.000624831 0.0135713
47.55 0.000263404 -0.00154208 1.79468 0.000624831 0.0135713
47.6 0.000263404 -0.00154208 1.79468 0.000624831 0.0135713
47.65 0.000263404 -0.00154208 1.79468 0.000624831 0.0135713
47.7 0.000263404 -0.00154208 1.79468 0.000624831 0.0135713
47.75 0.000263404 -0.00154208 1.79468 0.000624831 0.0135713
47.8 0.000263404 -0.00154208 1.79468 0.000624831 0.0135713
47.85 0.000263404 -0.00154208 1.79468 0.000624831 0.0135713
47.9 0.000263404 -0.00154208 1.79468 0.000624831 0.0135713
47.95 0.000263404 -0.00154208 1.79468 0.000624831 0.0135713
48 0.000263404 -0.00154208 1.79468 0.000624831 0.0135713
48.05 0.000263404 -0.00154208 1.79468 0.000624831 0.0135713
48.1 0.000263404 -0.00154208 1.79468 0.000624831 0.0135713
48.15 0.000263404 -0.00154208 1.79468 0.000624831 0.0135713
48.2 0.000263404 -0.00154208 1.79468 0.000624831 0.0135713
48.25 0.000263404 -0.00154208 1.79468 0.000624831 0.0135713
48.3 0.000263404 -0.00154208 1.79468 0.000624831 0.0135713
48.35 0.000263404 -0.00154208 1.79468 0.000624831 0.0135713
48.4 0.000263404 -0.00154208 1.79468 0.000624831 0.0135713
48.45 0.000263404 -0.00154208 1.79468 0.000624831 0.0135713
48.5 0.000263404 -0.00154208 1.79468 0.000624831 0.0135713
48.55 0.000263404 -0.00154208 1.79468 0.000624831 0.0135713
48.6 0.000263404 -0.00154208 1.79468 0.000624831 0.0135713
48.65 0.000263404 -0.00154208 1.79468 0.000624831 0.0135713
48.7 0.000263404 -0.00154208 1.79468 0.000624831 0.0135713
48.75 0.000263404 -0.00154208 1.79468 0.000624831 0.0135713
48.8 0.000263404 -0.00154208 1.79468 0.000624831 0.0135713
48.85 0.000263404 -0.00154208 1.79468 0.000624831 0.0135713
48.9 0.000263404 -0.00154208 1.79468 0.000624831 0.0135713
48.95 0.000263404 -0.00154208 1.79468 0.000624831 0.0135713
49 0.000263404 -0.00154208 1.79468 0.000624831 0.0135713
49.05 0.000263404 -0.00154208 1.79468 0.000624831 0.0135713
49.1 0.000263404 -0.00154208 1.79468 0.000624831 0.0135713
49.15 0.000263404 -0.00154208 1.79468 0.000624831 0.0135713
49.2 0.000263404 -0.00154208 1.79468 0.000624831 0.0135713
49.25 0.000263404 -0.00154208 1.79468 0.000624831 0.0135713
49.3 0.000263404 -0.00154208 1.79468 0.000624831 0.0135713
49.35 0.000263404 -0.00154208 1.79468 0.000624831 0.0135713
49.4 0.000263404 -0.00154208 1.79468 0.000624831 0.0135713
49.45 0.000263404 -0.00154208 1.79468 0.000624831 0.0135713
49.5 0.000263404 -0.00154208 1.79468 0.000624831 0.0135713
49.55 0.000263404 -0.00154208 1.79468 0.000624831 0.0135713
49.6 0.000263404 -0.00154208 1.79468 0.000624831 0.0135713
49.65 0.000263404 -0.00154208 1.79468 0.000624831 0.0135713
49.7 0.000263404 -0.00154208 1.79468 0.000624831 0.0135713
49.75 0.000263404 -0.00154208 1.79468 0.000624831 0.0135713
49.8 0.000263404 -0.00154208 1.79468 0.000624831 0.0135713
49.85 0.000263404 -0.00154208 1.79468 0.000624831 0.0135713
49.9 0.000263404 -0.00154208 1.79468 0.000624831 0.0135713
49.95 0.000263404 -0.00154208 1.79468 0.000624831 0.0135713
50 0.000263404 -0.00154208 1.79468 0.000624831 0.0135713
50.05 0.000263404 -0.00154208 1.79468 0.000624831 0.0135713
50.1 0.000263404 -0.00154208 1.79468 0.000624831 0.0135713
50.15 0.000263404 -0.00154208 1.79468 0.000624831 0.0135713
50.2 0.000263404 -0.00154208 1.79468 0.000624831 0.0135713
50.25 0.000263404 -0.00154208 1.79468 0.000624831 0.0135713
50.3 0.000263404 -0.00154208 1.79468 0.000624831 0.0135713
50.35 0.000263404 -0.00154208 1.79468 0.000624831 0.0135713
50.4 0.000263404 -0.00154208 1.79468 0.000624831 0.0135713
50.45 0.000263404 -0.00154208 1.79468 0.000624831 0.0135713
50.5 0.000263404 -0.00154208 1.79468 0.000624831 0.0135713
50.55 0.000263404 -0.00154208 1.79468 0.000624831 0.0135713
50.6 0.000263404 -0.00154208 1.79468 0.000624831 0.0135713
50.65 0.000263404 -0.00154208 1.79468 0.000624831 0.0135713
50.7 0.000263404 -0.00154208 1.79468 0.000624831 0.0135713
50.75 0.000263404 -0.00154208 1.79468 0.000624831 0.0135713
50.8 0.000263404 -0.00154208 1.79468 0.000624831 0.0135713
50.85 0.000263404 -0.00154208 1.79468 0.000624831 0.0135713
50.9 0.000263404 -0.00154208 1.79468 0.000624831 0.0135713
50.95 0.000263404 -0.00154208 1.79468 0.000624831 0.0135713
51 0.000263404 -0.00154208 1.79468 0.000624831 0.0135713
51.05 -0.000765237 -0.00057157 1.79008 0.000156568 -0.760775
51.1 -0.000765237 -0.00057157 1.79008 0.000156568 -0.760775
51.15 -0.000765237 -0.00057157 1.78855 0.000157103 -0.760645
51.2 -0.000765237 -0.00057157 1.78855 0.000157103 -0.760645
51.25 -0.000765237 -0.00057157 1.78855 0.000157103 -0.760645
51.3 0.000263404 -0.00154208 1.77167 0.000625453 0.0306493
51.35 0.000263404 -0.00154208 1.77167 0.000625453 0.0306493
51.4 0.000292467 -0.00254166 1.72872 0.00102241 0.00454316
51.45 0.000292467 -0.00254166 1.72872 0.00102241 0.00454316
51.5 0.000292467 -0.00254166 1.68577 0.00102337 0.0363605
51.55 0.000263404 -0.00154208 1.65662 0.000623595 0.115475
51.6 0.000263404 -0.00154208 1.65662 0.000623595 0.115475
51.65 0.000263404 -0.00154208 1.64742 0.000623089 0.122193
51.7 0.000263404 -0.00154208 1.64742 0.000623089 0.122193
51.75 0.000263404 -0.00154208 1.65049 0.000623263 0.119955
51.8 0.000263404 -0.00154208 1.65049 0.000623263 0.119955
51.85 0.000263404 -0.00154208 1.66122 0.000623828 0.11211
51.9 0.000263404 -0.00154208 1.6735 0.000624385 0.103124
51.95 0.000263404 -0.00154208 1.6735 0.000624385 0.103124
52 0.000234341 -0.000542507 1.68577 0.000226323 0.33586
52.05 0.000234341 -0.000542507 1.68577 0.000226323 0.33586
52.1 0.000263404 -0.00154208 1.69344 0.00062509 0.0884794
52.15 0.000263404 -0.00154208 1.69344 0.00062509 0.0884794
52.2 0.000263404 -0.00154208 1.70418 0.000625366 0.080574
52.25 0.000263404 -0.00154208 1.72565 0.000625703 0.0647274
52.3 0.000263404 -0.00154208 1.72565 0.000625703 0.0647274
52.35 0.000263404 -0.00154208 1.73946 0.000625767 0.0545189
52.4 0.000263404 -0.00154208 1.73946 0.000625767 0.0545189
52.45 0.000263404 -0.00154208 1.74406 0.000625762 0.0511128
52.5 0.000263404 -0.00154208 1.74406 0.000625762 0.0511128
52.55 0.000263404 -0.00154208 1.74559 0.000625757 0.0499771
52.6 0.000263404 -0.00154208 1.74866 0.000625744 0.0477053
52.65 0.000263404 -0.00154208 1.74866 0.000625744 0.0477053
52.7 0.000263404 -0.00154208 1.75173 0.000625724 0.0454329
52.75 0.000263404 -0.00154208 1.75173 0.000625724 0.0454329
52.8 0.000263404 -0.00154208 1.7548 0.000625699 0.0431599
52.85 0.000263404 -0.00154208 1.7548 0.000625699 0.0431599
52.9 0.000263404 -0.00154208 1.75787 0.000625667 0.0408863
52.95 0.000263404 -0.00154208 1.76247 0.000625609 0.037475
53 0.000263404 -0.00154208 1.76247 0.000625609 0.037475
53.05 0.000263404 -0.00154208 1.76554 0.000625563 0.0352002
53.1 0.000263404 -0.00154208 1.76554 0.000625563 0.0352002
53.15 0.000263404 -0.00154208 1.7686 0.000625511 0.032925
53.2 0.000263404 -0.00154208 1.77167 0.000625453 0.0306493
53.25 0.000263404 -0.00154208 1.77167 0.000625453 0.0306493
53.3 0.000263404 -0.00154208 1.77474 0.000625389 0.0283733
53.35 0.000263404 -0.00154208 1.77474 0.000625389 0.0283733
53.4 0.000263404 -0.00154208 1.77627 0.000625355 0.0272351
53.45 0.000263404 -0.00154208 1.77627 0.000625355 0.0272351
53.5 0.000263404 -0.00154208 1.77781 0.00062532 0.0260969
53.55 0.000263404 -0.00154208 1.77934 0.000625283 0.0249585
53.6 0.000263404 -0.00154208 1.77934 0.000625283 0.0249585
53.65 0.000263404 -0.00154208 1.78088 0.000625244 0.0238201
53.7 0.000263404 -0.00154208 1.78088 0.000625244 0.0238201
53.75 0.000263404 -0.00154208 1.78241 0.000625204 0.0226816
53.8 0.000263404 -0.00154208 1.78241 0.000625204 0.0226816
53.85 0.000263404 -0.00154208 1.78241 0.000625204 0.0226816
53.9 0.000263404 -0.00154208 1.78394 0.000625163 0.0215431
53.95 0.000263404 -0.00154208 1.78394 0.000625163 0.0215431
54 0.000263404 -0.00154208 1.78548 0.00062512 0.0204044
54.05 0.000263404 -0.00154208 1.78548 0.00062512 0.0204044
54.1 0.000263404 -0.00154208 1.79008 0.000624982 0.0169881
54.15 0.000263404 -0.00154208 1.79008 0.000624982 0.0169881
54.2 0.000263404 -0.00154208 1.79008 0.000624982 0.0169881
54.25 0.000263404 -0.00154208 1.79315 0.000624883 0.0147103
54.3 0.000263404 -0.00154208 1.79315 0.000624883 0.0147103
54.35 0.000263404 -0.00154208 1.79315 0.000624883 0.0147103
54.4 0.000263404 -0.00154208 1.79315 0.000624883 0.0147103
54.45 0.000263404 -0.00154208 1.79161 0.000624933 0.0158493
54.5 0.000263404 -0.00154208 1.79161 0.000624933 0.0158493
54.55 0.000263404 -0.00154208 1.79161 0.000624933 0.0158493
54.6 0.000263404 -0.00154208 1.79315 0.000624883 0.0147103
54.65 0.000263404 -0.00154208 1.79315 0.000624883 0.0147103
54.7 0.000263404 -0.00154208 1.79622 0.000624778 0.0124323
54.75 0.000263404 -0.00154208 1.79622 0.000624778 0.0124323
54.8 0.000263404 -0.00154208 1.79622 0.000624778 0.0124323
54.85 0.000263404 -0.00154208 1.79622 0.000624778 0.0124323
54.9 0.000263404 -0.00154208 1.79622 0.000624778 0.0124323
54.95 0.000263404 -0.00154208 1.79622 0.000624778 0.0124323
55 0.000263404 -0.00154208 1.79622 0.000624778 0.0124323
55.05 0.000263404 -0.00154208 1.79622 0.000624778 0.0124323
55.1 0.000263404 -0.00154208 1.79622 0.000624778 0.0124323
55.15 0.000263404 -0.00154208 1.79622 0.000624778 0.0124323
55.2 0.000263404 -0.00154208 1.79622 0.000624778 0.0124323
55.25 0.000263404 -0.00154208 1.79622 0.000624778 0.0124323
55.3 0.000263404 -0.00154208 1.79622 0.000624778 0.0124323
55.35 0.000263404 -0.00154208 1.79622 0.000624778 0.0124323
55.4 0.000263404 -0.00154208 1.79622 0.000624778 0.0124323
55.45 0.000263404 -0.00154208 1.79622 0.000624778 0.0124323
55.5 0.000263404 -0.00154208 1.79622 0.000624778 0.0124323
55.55 0.000263404 -0.00154208 1.79622 0.000624778 0.0124323
55.6 0.000263404 -0.00154208 1.79622 0.000624778 0.0124323
55.65 0.000263404 -0.00154208 1.79622 0.000624778 0.0124323
55.7 0.000263404 -0.00154208 1.79622 0.000624778 0.0124323
55.75 0.000263404 -0.00154208 1.79622 0.000624778 0.0124323
55.8 0.000263404 -0.00154208 1.79622 0.000624778 0.0124323
55.85 0.000263404 -0.00154208 1.79622 0.000624778 0.0124323
55.9 0.000263404 -0.00154208 1.79622 0.000624778 0.0124323
55.95 0.000263404 -0.00154208 1.79622 0.000624778 0.0124323
56 0.000263404 -0.00154208 1.79622 0.000624778 0.0124323
56.05 0.000263404 -0.00154208 1.79622 0.000624778 0.0124323
56.1 0.000263404 -0.00154208 1.79622 0.000624778 0.0124323
56.15 0.000263404 -0.00154208 1.79622 0.000624778 0.0124323
56.2 0.000263404 -0.00154208 1.79622 0.000624778 0.0124323
56.25 0.000263404 -0.00154208 1.79622 0.000624778 0.0124323
56.3 0.000263404 -0.00154208 1.79622 0.000624778 0.0124323
56.35 0.000263404 -0.00154208 1.79622 0.000624778 0.0124323
56.4 0.000263404 -0.00154208 1.79622 0.000624778 0.0124323
56.45 0.000263404 -0.00154208 1.79622 0.000624778 0.0124323
56.5 0.000263404 -0.00154208 1.79622 0.000624778 0.0124323
56.55 0.000263404 -0.00154208 1.79622 0.000624778 0.0124323
56.6 0.000263404 -0.00154208 1.79622 0.000624778 0.0124323
56.65 0.000263404 -0.00154208 1.79622 0.000624778 0.0124323
56.7 0.000263404 -0.00154208 1.79622 0.000624778 0.0124323
56.75 0.000263404 -0.00154208 1.79622 0.000624778 0.0124323
56.8 0.000263404 -0.00154208 1.79622 0.000624778 0.0124323
56.85 0.000263404 -0.00154208 1.79622 0.000624778 0.0124323
56.9 0.000263404 -0.00154208 1.79622 0.000624778 0.0124323
56.95 0.000263404 -0.00154208 1.79622 0.000624778 0.0124323
57 0.000263404 -0.00154208 1.79622 0.000624778 0.0124323
57.05 0.000263404 -0.00154208 1.79622 0.000624778 0.0124323
57.1 0.000263404 -0.00154208 1.79622 0.000624778 0.0124323
57.15 0.000263404 -0.00154208 1.79622 0.000624778 0.0124323
57.2 0.000263404 -0.00154208 1.79622 0.000624778 0.0124323
57.25 0.000263404 -0.00154208 1.79622 0.000624778 0.0124323
57.3 0.000263404 -0.00154208 1.79622 0.000624778 0.0124323
57.35 0.000263404 -0.00154208 1.79622 0.000624778 0.0124323
57.4 0.000263404 -0.00154208 1.79622 0.000624778 0.0124323
57.45 0.000263404 -0.00154208 1.79622 0.000624778 0.0124323
57.5 0.000263404 -0.00154208 1.79622 0.000624778 0.0124323
